0.02 -2
0.02 -2
0.02 -2
0.02 -2
0.02 -2
0.0165702 -2
0.0165719 -2
0.0165604 -2
0.016567 -2
0.0165666 -2
0.0165661 -2
0.0165666 -2
0.016569 -2
0.0166461 -2
0.0164861 -2
0.0165657 -2
0.0165666 -2
0.0166203 -2
0.0165128 -2
0.0165998 -2
0.0165333 -2
0.0165711 -2
0.0165912 -2
0.0165382 -2
0.016567 -2
0.016567 -2
0.0165661 -2
0.0165661 -2
0.016567 -2
0.0165674 -2
0.0174511 -2
0.0165694 -2
0.0165661 -2
0.016567 -2
0.016567 -2
0.0165661 -2
0.016567 -2
0.0165661 -2
0.016567 -2
0.0165678 -2
0.0165653 -2
0.016567 -2
0.0165674 -2
0.0165661 -2
0.0165661 -2
0.0165666 -2
0.016567 -2
0.0165674 -2
0.0165657 -2
0.0165674 -2
0.0165661 -2
0.0166593 -2
0.0164747 -2
0.0166388 -2
0.0165259 -2
0.0165346 -2
0.016567 -2
0.0165748 -2
0.0165674 -2
0.0165579 -2
0.0165666 -2
0.0169649 -2
0.0161686 -2
0.0165666 -2
0.0165678 -2
0.0169227 -2
0.0165432 -2
0.016233 -2
0.016567 -2
0.0169177 -2
0.016215 -2
0.0168525 -2
0.0162818 -2
0.0165694 -2
0.0165641 -2
0.0165657 -2
0.0165674 -2
0.0166974 -2
0.0165317 -2
0.0164701 -2
0.016567 -2
0.0165661 -2
0.0165678 -2
0.0165867 -2
0.0165456 -2
0.016567 -2
0.0165666 -2
0.0165973 -2
0.0165366 -2
0.0165661 -2
0.0165666 -2
0.0166355 -2
0.016498 -2
0.0169744 -2
0.0161592 -2
0.0165666 -2
0.016567 -2
0.0165661 -2
0.0165674 -2
0.0169071 -2
0.0162256 -2
0.0165661 -2
0.0168045 -2
0.0165641 -2
0.0163352 -2
0.0165633 -2
0.016567 -2
0.016567 -2
0.0165661 -2
0.0165678 -2
0.0165657 -2
0.016567 -2
0.0166228 -2
0.0165116 -2
0.0167126 -2
0.0166105 -2
0.016384 -2
0.0165674 -2
0.0165661 -2
0.0165584 -2
0.0169908 -2
0.0161444 -2
0.0165649 -2
0.016567 -2
0.016567 -2
0.0165661 -2
0.0168398 -2
0.0162933 -2
0.0165666 -2
0.0169202 -2
0.0162129 -2
0.0168418 -2
0.0162921 -2
0.0165661 -2
0.0165707 -2
0.0165625 -2
0.0165674 -2
0.0165666 -2
0.0166872 -2
0.0164464 -2
0.02 -2
0.02 -2
0.0165694 -2
0.0167233 -2
0.0165206 -2
0.0167889 -2
0.0162379 -2
0.0168144 -2
0.0163147 -2
0.0167151 -2
0.0165826 -2
0.0164025 -2
0.0165867 -2
0.0165469 -2
0.0165908 -2
0.0165424 -2
0.016617 -2
0.016553 -2
0.0165518 -2
0.0172098 -2
0.0159134 -2
0.0170224 -2
0.0161108 -2
0.0169682 -2
0.0161538 -2
0.0412115 -2
0.0166158 -2
0.0165235 -2
0.0165641 -2
0.0165657 -2
0.0165904 -2
0.0169748 -2
0.0161346 -2
0.0165674 -2
0.0167163 -2
0.0164172 -2
0.016665 -2
0.0165965 -2
0.0165374 -2
0.0164669 -2
0.016567 -2
0.016567 -2
0.0165666 -2
0.0165666 -2
0.0165674 -2
0.0165657 -2
0.0166416 -2
0.0165793 -2
0.0165965 -2
0.0165575 -2
0.0164648 -2
0.0165715 -2
0.0165559 -2
0.0165678 -2
0.0165657 -2
0.0165666 -2
0.0165666 -2
0.0165867 -2
0.0165723 -2
0.0165415 -2
0.016567 -2
0.0165657 -2
0.0165666 -2
0.0165674 -2
0.0165666 -2
0.0165666 -2
0.0165661 -2
0.016802 -2
0.0163319 -2
0.0165661 -2
0.0165674 -2
0.0165735 -2
0.0168931 -2
0.0165419 -2
0.0162576 -2
0.0165666 -2
0.0165661 -2
0.016567 -2
0.016567 -2
0.0165789 -2
0.0165547 -2
0.0165661 -2
0.0165674 -2
0.0166416 -2
0.0165739 -2
0.0164841 -2
0.0165764 -2
0.0165592 -2
0.0166859 -2
0.0165395 -2
0.0166129 -2
0.0164369 -2
0.0165744 -2
0.0165481 -2
0.016567 -2
0.0165661 -2
0.0165666 -2
0.016903 -2
0.0162322 -2
0.0165645 -2
0.0165875 -2
0.016562 -2
0.0165674 -2
0.0169567 -2
0.0164939 -2
0.0163015 -2
0.0168603 -2
0.0162129 -2
0.0165739 -2
0.0165514 -2
0.0168033 -2
0.0163302 -2
0.0166355 -2
0.016498 -2
0.0167622 -2
0.0165132 -2
0.0165772 -2
0.0165547 -2
0.0164254 -2
0.0166646 -2
0.0165104 -2
0.0165247 -2
0.0166503 -2
0.0165378 -2
0.0165116 -2
0.0166334 -2
0.0165112 -2
0.01656 -2
0.0165629 -2
0.0165666 -2
0.0165666 -2
0.0165666 -2
0.0165666 -2
0.0169202 -2
0.0162133 -2
0.0165661 -2
0.016567 -2
0.0165666 -2
0.016567 -2
0.016567 -2
0.0165661 -2
0.016567 -2
0.016567 -2
0.0165661 -2
0.0165715 -2
0.016688 -2
0.0165456 -2
0.0164615 -2
0.0166228 -2
0.0165112 -2
0.016567 -2
0.0165661 -2
0.0165924 -2
0.0165415 -2
0.0165661 -2
0.0165661 -2
0.0165731 -2
0.0165604 -2
0.0165711 -2
0.016562 -2
0.0165666 -2
0.0165678 -2
0.0165657 -2
0.0165674 -2
0.0165666 -2
0.016592 -2
0.0165415 -2
0.0165657 -2
0.0165793 -2
0.0165547 -2
0.0165715 -2
0.0165817 -2
0.0165469 -2
0.0165666 -2
0.0165674 -2
0.0165661 -2
0.0165661 -2
0.0165694 -2
0.0165641 -2
0.0169329 -2
0.0165666 -2
0.0161998 -2
0.0165682 -2
0.0165666 -2
0.0165666 -2
0.0165657 -2
0.016567 -2
0.0165678 -2
0.0165653 -2
0.0165666 -2
0.0165715 -2
0.0167729 -2
0.0165366 -2
0.0165116 -2
0.0164414 -2
0.0165661 -2
0.0170511 -2
0.0160878 -2
0.0165612 -2
0.016567 -2
0.0165661 -2
0.016567 -2
0.0168386 -2
0.0162946 -2
0.0167298 -2
0.016432 -2
0.0167036 -2
0.0165448 -2
0.016423 -2
0.0168484 -2
0.0162864 -2
0.0165846 -2
0.0165477 -2
0.016567 -2
0.0165661 -2
0.0165666 -2
0.016567 -2
0.0165817 -2
0.0165514 -2
0.0168861 -2
0.0162474 -2
0.016567 -2
0.0165653 -2
0.0165666 -2
0.0165678 -2
0.0167918 -2
0.0163417 -2
0.0167442 -2
0.0165424 -2
0.016544 -2
0.0164349 -2
0.01677 -2
0.0163647 -2
0.0165661 -2
0.0165674 -2
0.0166708 -2
0.0164619 -2
0.0166146 -2
0.0165465 -2
0.0166199 -2
0.0164853 -2
0.0165682 -2
0.0165657 -2
0.016567 -2
0.0165661 -2
0.016567 -2
0.0165666 -2
0.016567 -2
0.0165661 -2
0.0165661 -2
0.0165735 -2
0.0165604 -2
0.016567 -2
0.016809 -2
0.0163241 -2
0.016567 -2
0.0167836 -2
0.0164841 -2
0.0164316 -2
0.0165711 -2
0.016562 -2
0.016567 -2
0.0165674 -2
0.0166523 -2
0.0164804 -2
0.0165858 -2
0.0165657 -2
0.0165481 -2
0.016567 -2
0.0165711 -2
0.016562 -2
0.0165666 -2
0.0169653 -2
0.0164972 -2
0.0165264 -2
0.0162777 -2
0.0168102 -2
0.0163319 -2
0.0165608 -2
0.0167421 -2
0.02 -2
0.02 -2
0.02 -2
0.333333 -2
0.0229583 -2
0.0165735 -2
0.0165625 -2
0.0165727 -2
0.0165666 -2
0.0165608 -2
0.0165744 -2
0.0165661 -2
0.016713 -2
0.0165456 -2
0.0165415 -2
0.0164726 -2
0.0165969 -2
0.0165456 -2
0.0165756 -2
0.0165354 -2
0.016567 -2
0.0165965 -2
0.0165366 -2
0.0165661 -2
0.0169276 -2
0.0162055 -2
0.0169161 -2
0.0162183 -2
0.0165661 -2
0.0165666 -2
0.016793 -2
0.0165785 -2
0.0163286 -2
0.0165723 -2
0.0167323 -2
0.0165062 -2
0.0164558 -2
0.0165666 -2
0.016567 -2
0.0165666 -2
0.01661 -2
0.0165264 -2
0.0165698 -2
0.0165604 -2
0.016567 -2
0.0165678 -2
0.0165657 -2
0.0165666 -2
0.0165661 -2
0.0165666 -2
0.0165674 -2
0.0165666 -2
0.0165661 -2
0.0165678 -2
0.0169173 -2
0.016215 -2
0.0168402 -2
0.0165727 -2
0.0162872 -2
0.0165666 -2
0.0167692 -2
0.0163639 -2
0.0165674 -2
0.0166888 -2
0.0165957 -2
0.0165395 -2
0.0165288 -2
0.0165181 -2
0.0165296 -2
0.016576 -2
0.0165563 -2
0.0165707 -2
0.0165629 -2
0.0167249 -2
0.0165153 -2
0.0164591 -2
0.0167278 -2
0.0164082 -2
0.0166273 -2
0.0165756 -2
0.0165218 -2
0.0165399 -2
0.016567 -2
0.0165707 -2
0.016562 -2
0.0169719 -2
0.0165805 -2
0.016551 -2
0.0161633 -2
0.0165666 -2
0.016567 -2
0.0165674 -2
0.0165657 -2
0.0167721 -2
0.0163618 -2
0.016754 -2
0.0167065 -2
0.0162396 -2
0.0168345 -2
0.016514 -2
0.0167614 -2
0.0161559 -2
0.0165674 -2
0.0165674 -2
0.0165916 -2
0.0165407 -2
0.0165678 -2
0.0165653 -2
0.016567 -2
0.0165727 -2
0.016562 -2
0.0165711 -2
0.0165612 -2
0.016672 -2
0.0164624 -2
0.0165653 -2
0.0165682 -2
0.0165674 -2
0.0165653 -2
0.0165653 -2
0.0165678 -2
0.0165661 -2
0.0165702 -2
0.0168927 -2
0.0162359 -2
0.0165678 -2
0.0165715 -2
0.0165616 -2
0.0168156 -2
0.0164784 -2
0.0164066 -2
0.0165772 -2
0.0167598 -2
0.0163627 -2
0.0165674 -2
0.0167093 -2
0.0164234 -2
0.0166507 -2
0.0166076 -2
0.0165272 -2
0.0164812 -2
0.0166055 -2
0.0168804 -2
0.0162146 -2
0.0165666 -2
0.0168176 -2
0.0163155 -2
0.0165666 -2
0.0165698 -2
0.0165633 -2
0.016825 -2
0.0165924 -2
0.0165522 -2
0.0162974 -2
0.0169518 -2
0.0161813 -2
0.0165661 -2
0.0168562 -2
0.0165415 -2
0.0163032 -2
0.0165657 -2
0.016567 -2
0.0167549 -2
0.0163848 -2
0.0167647 -2
0.0163622 -2
0.0166215 -2
0.0165149 -2
0.0165641 -2
0.0169477 -2
0.0161854 -2
0.0165674 -2
0.0165661 -2
0.016567 -2
0.0169038 -2
0.0162289 -2
0.0167951 -2
0.016583 -2
0.0165826 -2
0.0164665 -2
0.0164057 -2
0.0165674 -2
0.016567 -2
0.0166404 -2
0.0164923 -2
0.016594 -2
0.0170987 -2
0.0160082 -2
0.016567 -2
0.0165785 -2
0.0165785 -2
0.0165838 -2
0.0169181 -2
0.016185 -2
0.0165559 -2
0.0165731 -2
0.01656 -2
0.0168156 -2
0.0163179 -2
0.0168012 -2
0.0163319 -2
0.016567 -2
0.0167819 -2
0.0163508 -2
0.0165666 -2
0.0167565 -2
0.0165235 -2
0.0164201 -2
0.0165661 -2
0.0165666 -2
0.016567 -2
0.016567 -2
0.0165666 -2
0.016631 -2
0.0165021 -2
0.016567 -2
0.016567 -2
0.0165653 -2
0.0165678 -2
0.0166055 -2
0.0165465 -2
0.0165477 -2
0.0170248 -2
0.0161087 -2
0.0169887 -2
0.016144 -2
0.0165678 -2
0.0168985 -2
0.0162347 -2
0.0165657 -2
0.0168513 -2
0.0162822 -2
0.016567 -2
0.0168459 -2
0.0162872 -2
0.0168066 -2
0.0163274 -2
0.0165727 -2
0.0165608 -2
0.0165661 -2
0.0165666 -2
0.0165666 -2
0.0167077 -2
0.0164254 -2
0.0166318 -2
0.0166162 -2
0.016551 -2
0.0171307 -2
0.0159044 -2
0.0165666 -2
0.0165932 -2
0.0165424 -2
0.0165826 -2
0.0170511 -2
0.0160636 -2
0.0165666 -2
0.016585 -2
0.0165489 -2
0.0165666 -2
0.0165661 -2
0.0165674 -2
0.0165666 -2
0.0165666 -2
0.0168406 -2
0.0162937 -2
0.0165661 -2
0.0165666 -2
0.016567 -2
0.0167442 -2
0.0163885 -2
0.0166839 -2
0.0164496 -2
0.016688 -2
0.0164455 -2
0.0165924 -2
0.0165428 -2
0.0166769 -2
0.0164546 -2
0.016567 -2
0.0166187 -2
0.0165145 -2
0.0166219 -2
0.0165108 -2
0.0165682 -2
0.0165657 -2
0.0165772 -2
0.0165633 -2
0.0165604 -2
0.0165653 -2
0.0165666 -2
0.0165666 -2
0.0165666 -2
0.0165694 -2
0.0168636 -2
0.0162662 -2
0.0168907 -2
0.0162437 -2
0.0168595 -2
0.0162745 -2
0.0165653 -2
0.016578 -2
0.0165563 -2
0.016704 -2
0.0165493 -2
0.016528 -2
0.0165469 -2
0.0165555 -2
0.0165186 -2
0.016567 -2
0.0165682 -2
0.0165616 -2
0.0165801 -2
0.0165534 -2
0.0165674 -2
0.0165666 -2
0.0165666 -2
0.0165702 -2
0.0165633 -2
0.0165661 -2
0.0165698 -2
0.0165649 -2
0.0165653 -2
0.0165661 -2
0.0165682 -2
0.0165661 -2
0.0165666 -2
0.0165657 -2
0.016823 -2
0.0165752 -2
0.0163028 -2
0.016567 -2
0.0167499 -2
0.0163844 -2
0.0167504 -2
0.016656 -2
0.016473 -2
0.016567 -2
0.0165641 -2
0.0163885 -2
0.016713 -2
0.0164197 -2
0.0165674 -2
0.0167077 -2
0.0165908 -2
0.0164012 -2
0.0166958 -2
0.0164373 -2
0.0166425 -2
0.0164919 -2
0.0166191 -2
0.0165161 -2
0.0165994 -2
0.0165424 -2
0.0165563 -2
0.0165793 -2
0.0165534 -2
0.0170367 -2
0.02 -2
0.02 -2
0.02 -2
0.02 -2
0.02 -2
0.02 -2
0.02 -2
0.02 -2
0.02 -2
0.02 -2
0.02 -2
0.02 -2
0.02 -2
0.02 -2
0.02 -2
0.02 -2
0.02 -2
0.02 -2
0.02 -2
0.02 -2
0.02 -2
0.02 -2
0.02 -2
0.02 -2
0.02 -2
0.02 -2
0.02 -2
0.02 -2
0.02 -2
0.02 -2
0.02 -2
0.02 -2
0.02 -2
0.02 -2
0.02 -2
0.02 -2
0.02 -2
0.02 -2
0.02 -2
0.02 -2
0.02 -2
0.02 -2
0.02 -2
0.02 -2
0.02 -2
0.02 -2
0.02 -2
0.02 -2
0.02 -2
0.02 -2
0.02 -2
0.02 -2
0.02 -2
0.02 -2
0.02 -2
0.02 -2
0.02 -2
0.02 -2
0.02 -2
0.02 -2
0.02 -2
0.02 -2
0.02 -2
0.02 -2
0.02 -2
0.02 -2
0.02 -2
0.02 -2
0.02 -2
0.02 -2
0.02 -2
0.02 -2
0.02 -2
0.02 -2
0.02 -2
0.02 -2
0.02 -2
0.02 -2
0.02 -2
0.02 -2
0.02 -2
0.02 -2
0.02 -2
0.02 -2
0.02 -2
0.02 -2
0.02 -2
0.02 -2
0.02 -2
0.02 -2
0.02 -2
0.02 -2
0.02 -2
0.02 -2
0.02 -2
0.02 -2
0.02 -2
0.02 -2
0.02 -2
0.02 -2
0.02 -2
0.02 -2
0.333333 -2
0.333333 -2
0.333333 -2
0.333333 -2
0.333333 -2
0.333333 -2
0.333333 -2
0.333333 -2
0.333333 -2
0.333333 -2
0.333333 -2
0.333333 -2
0.333333 -2
0.333333 -2
0.333333 -2
0.333333 -2
0.333333 -2
0.333333 -2
0.333333 -2
0.333333 -2
0.333333 -2
0.333333 -2
0.333333 -2
0.333333 -2
0.333333 -2
0.333333 -2
0.333333 -2
0.333333 -2
0.333333 -2
0.333333 -2
0.333333 -2
0.333333 -2
0.333333 -2
0.333333 -2
0.333333 -2
0.333333 -2
0.333333 -2
0.333333 -2
0.333333 -2
0.333333 -2
0.333333 -2
0.333333 -2
0.333333 -2
0.333333 -2
0.333333 -2
0.333333 -2
0.333333 -2
0.333333 -2
0.333333 -2
0.333333 -2
0.333333 -2
0.333333 -2
0.333333 -2
0.333333 -2
0.333333 -2
0.333333 -2
0.333333 -2
0.333333 -2
0.333333 -2
0.333333 -2
0.333333 -2
0.333333 -2
0.333333 -2
0.333333 -2
0.333333 -2
0.333333 -2
0.333333 -2
0.333333 -2
0.333333 -2
0.333333 -2
0.333333 -2
0.333333 -2
0.333333 -2
0.333333 -2
0.333333 -2
0.333333 -2
0.333333 -2
0.333333 -2
0.333333 -2
0.333333 -2
0.333333 -2
0.333333 -2
0.333333 -2
0.333333 -2
0.333333 -2
0.333333 -2
0.333333 -2
0.333333 -2
0.333333 -2
0.333333 -2
0.333333 -2
0.333333 -2
0.333333 -2
0.333333 -2
0.333333 -2
0.333333 -2
0.333333 -2
0.333333 -2
0.333333 -2
0.333333 -2
0.333333 -2
0.333333 -2
0.330535 -2
0.330535 -2
0.330535 -2
0.330535 -2
0.330535 -2
0.330535 -2
0.330535 -2
0.330535 -2
0.330535 -2
0.330535 -2
0.330535 -2
0.330535 -2
0.330535 -2
0.330535 -2
0.330535 -2
0.330535 -2
0.330535 -2
0.330535 -2
0.330535 -2
0.330535 -2
0.330535 -2
0.330535 -2
0.330535 -2
0.330535 -2
0.330535 -2
0.330535 -2
0.330535 -2
0.330535 -2
0.330535 -2
0.330535 -2
0.330535 -2
0.330535 -2
0.330535 -2
0.330535 -2
0.330535 -2
0.330535 -2
0.330535 -2
0.330535 -2
0.330535 -2
0.330535 -2
0.330535 -2
0.330535 -2
0.330535 -2
0.330535 -2
0.330535 -2
0.330535 -2
0.330535 -2
0.330535 -2
0.330535 -2
0.330535 -2
0.330535 -2
0.300513 -2
0.300513 -2
0.300513 -2
0.300513 -2
0.300513 -2
0.300513 -2
0.300513 -2
0.300513 -2
0.300513 -2
0.300513 -2
0.300513 -2
0.300513 -2
0.300513 -2
0.300513 -2
0.300513 -2
0.300513 -2
0.300513 -2
0.300513 -2
0.300513 -2
0.300513 -2
0.300513 -2
0.300513 -2
0.300513 -2
0.300513 -2
0.300513 -2
0.300513 -2
0.300513 -2
0.300513 -2
0.300513 -2
0.300513 -2
0.300513 -2
0.300513 -2
0.300513 -2
0.300513 -2
0.300513 -2
0.300513 -2
0.300513 -2
0.300513 -2
0.300513 -2
0.300513 -2
0.300513 -2
0.300513 -2
0.300513 -2
0.300513 -2
0.300513 -2
0.300513 -2
0.300513 -2
0.300513 -2
0.300513 -2
0.300513 -2
0.300513 -2
0.27208 -2
0.27208 -2
0.27208 -2
0.27208 -2
0.27208 -2
0.27208 -2
0.27208 -2
0.27208 -2
0.27208 -2
0.27208 -2
0.27208 -2
0.27208 -2
0.27208 -2
0.27208 -2
0.27208 -2
0.27208 -2
0.27208 -2
0.27208 -2
0.27208 -2
0.27208 -2
0.27208 -2
0.27208 -2
0.27208 -2
0.27208 -2
0.27208 -2
0.27208 -2
0.27208 -2
0.27208 -2
0.27208 -2
0.27208 -2
0.27208 -2
0.27208 -2
0.27208 -2
0.27208 -2
0.27208 -2
0.27208 -2
0.27208 -2
0.27208 -2
0.27208 -2
0.27208 -2
0.27208 -2
0.27208 -2
0.27208 -2
0.27208 -2
0.27208 -2
0.27208 -2
0.27208 -2
0.27208 -2
0.27208 -2
0.27208 -2
0.27208 -2
0.225714 -2
0.225714 -2
0.225714 -2
0.225714 -2
0.225714 -2
0.225714 -2
0.225714 -2
0.225714 -2
0.225714 -2
0.225714 -2
0.225714 -2
0.225714 -2
0.225714 -2
0.225714 -2
0.225714 -2
0.225714 -2
0.225714 -2
0.225714 -2
0.225714 -2
0.225714 -2
0.225714 -2
0.225714 -2
0.225714 -2
0.225714 -2
0.225714 -2
0.225714 -2
0.225714 -2
0.225714 -2
0.225714 -2
0.225714 -2
0.225714 -2
0.225714 -2
0.225714 -2
0.225714 -2
0.225714 -2
0.225714 -2
0.225714 -2
0.225714 -2
0.225714 -2
0.225714 -2
0.225714 -2
0.225714 -2
0.225714 -2
0.225714 -2
0.225714 -2
0.225714 -2
0.225714 -2
0.225714 -2
0.225714 -2
0.225714 -2
0.225714 -2
0.198006 -2
0.198006 -2
0.198006 -2
0.198006 -2
0.198006 -2
0.198006 -2
0.198006 -2
0.198006 -2
0.198006 -2
0.198006 -2
0.198006 -2
0.198006 -2
0.198006 -2
0.198006 -2
0.198006 -2
0.198006 -2
0.198006 -2
0.198006 -2
0.198006 -2
0.198006 -2
0.198006 -2
0.198006 -2
0.198006 -2
0.198006 -2
0.198006 -2
0.198006 -2
0.198006 -2
0.198006 -2
0.198006 -2
0.198006 -2
0.198006 -2
0.198006 -2
0.198006 -2
0.198006 -2
0.198006 -2
0.198006 -2
0.198006 -2
0.198006 -2
0.198006 -2
0.198006 -2
0.198006 -2
0.198006 -2
0.198006 -2
0.198006 -2
0.198006 -2
0.198006 -2
0.198006 -2
0.198006 -2
0.198006 -2
0.198006 -2
0.198006 -2
0.175451 -2
0.175451 -2
0.175451 -2
0.175451 -2
0.175451 -2
0.175451 -2
0.175451 -2
0.175451 -2
0.175451 -2
0.175451 -2
0.175451 -2
0.175451 -2
0.175451 -2
0.175451 -2
0.175451 -2
0.175451 -2
0.175451 -2
0.175451 -2
0.175451 -2
0.175451 -2
0.175451 -2
0.175451 -2
0.175451 -2
0.175451 -2
0.175451 -2
0.175451 -2
0.175451 -2
0.175451 -2
0.175451 -2
0.175451 -2
0.175451 -2
0.175451 -2
0.175451 -2
0.175451 -2
0.175451 -2
0.175451 -2
0.175451 -2
0.175451 -2
0.175451 -2
0.175451 -2
0.175451 -2
0.175451 -2
0.175451 -2
0.175451 -2
0.175451 -2
0.175451 -2
0.175451 -2
0.175451 -2
0.175451 -2
0.175451 -2
0.175451 -2
0.169774 -2
0.169774 -2
0.169774 -2
0.169774 -2
0.169774 -2
0.169774 -2
0.169774 -2
0.169774 -2
0.169774 -2
0.169774 -2
0.169774 -2
0.169774 -2
0.169774 -2
0.169774 -2
0.169774 -2
0.169774 -2
0.169774 -2
0.169774 -2
0.169774 -2
0.169774 -2
0.169774 -2
0.169774 -2
0.169774 -2
0.169774 -2
0.169774 -2
0.169774 -2
0.169774 -2
0.169774 -2
0.169774 -2
0.169774 -2
0.169774 -2
0.169774 -2
0.169774 -2
0.169774 -2
0.169774 -2
0.169774 -2
0.169774 -2
0.169774 -2
0.169774 -2
0.169774 -2
0.169774 -2
0.169774 -2
0.169774 -2
0.169774 -2
0.169774 -2
0.169774 -2
0.169774 -2
0.169774 -2
0.169774 -2
0.169774 -2
0.169774 -2
0.165684 -2
0.165684 -2
0.165684 -2
0.165684 -2
0.165684 -2
0.165684 -2
0.165684 -2
0.165684 -2
0.165684 -2
0.165684 -2
0.165684 -2
0.165684 -2
0.165684 -2
0.165684 -2
0.165684 -2
0.165684 -2
0.165684 -2
0.165684 -2
0.165684 -2
0.165684 -2
0.165684 -2
0.165684 -2
0.165684 -2
0.165684 -2
0.165684 -2
0.165684 -2
0.165684 -2
0.165684 -2
0.165684 -2
0.165684 -2
0.165684 -2
0.165684 -2
0.165684 -2
0.165684 -2
0.165684 -2
0.165684 -2
0.165684 -2
0.165684 -2
0.165684 -2
0.165684 -2
0.165684 -2
0.165684 -2
0.165684 -2
0.165684 -2
0.165684 -2
0.165684 -2
0.165684 -2
0.165684 -2
0.165684 -2
0.165684 -2
0.165684 -2
0.156451 -2
0.156451 -2
0.156451 -2
0.156451 -2
0.156451 -2
0.156451 -2
0.156451 -2
0.156451 -2
0.156451 -2
0.156451 -2
0.156451 -2
0.156451 -2
0.156451 -2
0.156451 -2
0.156451 -2
0.156451 -2
0.156451 -2
0.156451 -2
0.156451 -2
0.156451 -2
0.156451 -2
0.156451 -2
0.156451 -2
0.156451 -2
0.156451 -2
0.156451 -2
0.156451 -2
0.156451 -2
0.156451 -2
0.156451 -2
0.156451 -2
0.156451 -2
0.156451 -2
0.156451 -2
0.156451 -2
0.156451 -2
0.156451 -2
0.156451 -2
0.156451 -2
0.156451 -2
0.156451 -2
0.156451 -2
0.156451 -2
0.156451 -2
0.156451 -2
0.156451 -2
0.156451 -2
0.156451 -2
0.156451 -2
0.156451 -2
0.156451 -2
0.13809 -2
0.13809 -2
0.13809 -2
0.13809 -2
0.13809 -2
0.13809 -2
0.13809 -2
0.13809 -2
0.13809 -2
0.13809 -2
0.13809 -2
0.13809 -2
0.13809 -2
0.13809 -2
0.13809 -2
0.13809 -2
0.13809 -2
0.13809 -2
0.13809 -2
0.13809 -2
0.13809 -2
0.13809 -2
0.13809 -2
0.13809 -2
0.13809 -2
0.13809 -2
0.13809 -2
0.13809 -2
0.13809 -2
0.13809 -2
0.13809 -2
0.13809 -2
0.13809 -2
0.13809 -2
0.13809 -2
0.13809 -2
0.13809 -2
0.13809 -2
0.13809 -2
0.13809 -2
0.13809 -2
0.13809 -2
0.13809 -2
0.13809 -2
0.13809 -2
0.13809 -2
0.13809 -2
0.13809 -2
0.13809 -2
0.13809 -2
0.13809 -2
0.130623 -2
0.130623 -2
0.130623 -2
0.130623 -2
0.130623 -2
0.130623 -2
0.130623 -2
0.130623 -2
0.130623 -2
0.130623 -2
0.130623 -2
0.130623 -2
0.130623 -2
0.130623 -2
0.130623 -2
0.130623 -2
0.130623 -2
0.130623 -2
0.130623 -2
0.130623 -2
0.130623 -2
0.130623 -2
0.130623 -2
0.130623 -2
0.130623 -2
0.130623 -2
0.130623 -2
0.130623 -2
0.130623 -2
0.130623 -2
0.130623 -2
0.130623 -2
0.130623 -2
0.130623 -2
0.130623 -2
0.130623 -2
0.130623 -2
0.130623 -2
0.130623 -2
0.130623 -2
0.130623 -2
0.130623 -2
0.130623 -2
0.130623 -2
0.130623 -2
0.130623 -2
0.130623 -2
0.130623 -2
0.130623 -2
0.130623 -2
0.130623 -2
0.15273 -2
0.15273 -2
0.15273 -2
0.15273 -2
0.15273 -2
0.15273 -2
0.15273 -2
0.15273 -2
0.15273 -2
0.15273 -2
0.15273 -2
0.15273 -2
0.15273 -2
0.15273 -2
0.15273 -2
0.15273 -2
0.15273 -2
0.15273 -2
0.15273 -2
0.15273 -2
0.15273 -2
0.15273 -2
0.15273 -2
0.15273 -2
0.15273 -2
0.15273 -2
0.15273 -2
0.15273 -2
0.15273 -2
0.15273 -2
0.15273 -2
0.15273 -2
0.15273 -2
0.15273 -2
0.15273 -2
0.15273 -2
0.15273 -2
0.15273 -2
0.15273 -2
0.15273 -2
0.15273 -2
0.15273 -2
0.15273 -2
0.15273 -2
0.15273 -2
0.15273 -2
0.15273 -2
0.15273 -2
0.15273 -2
0.15273 -2
0.15273 -2
0.19697 -2
0.19697 -2
0.19697 -2
0.19697 -2
0.19697 -2
0.19697 -2
0.19697 -2
0.19697 -2
0.19697 -2
0.19697 -2
0.19697 -2
0.19697 -2
0.19697 -2
0.19697 -2
0.19697 -2
0.19697 -2
0.19697 -2
0.19697 -2
0.19697 -2
0.19697 -2
0.19697 -2
0.19697 -2
0.19697 -2
0.19697 -2
0.19697 -2
0.19697 -2
0.19697 -2
0.19697 -2
0.19697 -2
0.19697 -2
0.19697 -2
0.19697 -2
0.19697 -2
0.19697 -2
0.19697 -2
0.19697 -2
0.19697 -2
0.19697 -2
0.19697 -2
0.19697 -2
0.19697 -2
0.19697 -2
0.19697 -2
0.19697 -2
0.19697 -2
0.19697 -2
0.19697 -2
0.19697 -2
0.19697 -2
0.19697 -2
0.19697 -2
0.196706 -2
0.196706 -2
0.196706 -2
0.196706 -2
0.196706 -2
0.196706 -2
0.196706 -2
0.196706 -2
0.196706 -2
0.196706 -2
0.196706 -2
0.196706 -2
0.196706 -2
0.196706 -2
0.196706 -2
0.196706 -2
0.196706 -2
0.196706 -2
0.196706 -2
0.196706 -2
0.196706 -2
0.196706 -2
0.196706 -2
0.196706 -2
0.196706 -2
0.196706 -2
0.196706 -2
0.196706 -2
0.196706 -2
0.196706 -2
0.196706 -2
0.196706 -2
0.196706 -2
0.196706 -2
0.196706 -2
0.196706 -2
0.196706 -2
0.196706 -2
0.196706 -2
0.196706 -2
0.196706 -2
0.196706 -2
0.196706 -2
0.196706 -2
0.196706 -2
0.196706 -2
0.196706 -2
0.196706 -2
0.196706 -2
0.196706 -2
0.196706 -2
0.226989 -2
0.226989 -2
0.226989 -2
0.226989 -2
0.226989 -2
0.226989 -2
0.226989 -2
0.226989 -2
0.226989 -2
0.226989 -2
0.226989 -2
0.226989 -2
0.226989 -2
0.226989 -2
0.226989 -2
0.226989 -2
0.226989 -2
0.226989 -2
0.226989 -2
0.226989 -2
0.226989 -2
0.226989 -2
0.226989 -2
0.226989 -2
0.226989 -2
0.226989 -2
0.226989 -2
0.226989 -2
0.226989 -2
0.226989 -2
0.226989 -2
0.226989 -2
0.226989 -2
0.226989 -2
0.226989 -2
0.226989 -2
0.226989 -2
0.226989 -2
0.226989 -2
0.226989 -2
0.226989 -2
0.226989 -2
0.226989 -2
0.226989 -2
0.226989 -2
0.226989 -2
0.226989 -2
0.226989 -2
0.226989 -2
0.226989 -2
0.226989 -2
0.238271 -2
0.238271 -2
0.238271 -2
0.238271 -2
0.238271 -2
0.238271 -2
0.238271 -2
0.238271 -2
0.238271 -2
0.238271 -2
0.238271 -2
0.238271 -2
0.238271 -2
0.238271 -2
0.238271 -2
0.238271 -2
0.238271 -2
0.238271 -2
0.238271 -2
0.238271 -2
0.238271 -2
0.238271 -2
0.238271 -2
0.238271 -2
0.238271 -2
0.238271 -2
0.238271 -2
0.238271 -2
0.238271 -2
0.238271 -2
0.238271 -2
0.238271 -2
0.238271 -2
0.238271 -2
0.238271 -2
0.238271 -2
0.238271 -2
0.238271 -2
0.238271 -2
0.238271 -2
0.238271 -2
0.238271 -2
0.238271 -2
0.238271 -2
0.238271 -2
0.238271 -2
0.238271 -2
0.238271 -2
0.238271 -2
0.238271 -2
0.238271 -2
0.23079 -2
0.23079 -2
0.23079 -2
0.23079 -2
0.23079 -2
0.23079 -2
0.23079 -2
0.23079 -2
0.23079 -2
0.23079 -2
0.23079 -2
0.23079 -2
0.23079 -2
0.23079 -2
0.23079 -2
0.23079 -2
0.23079 -2
0.23079 -2
0.23079 -2
0.23079 -2
0.23079 -2
0.23079 -2
0.23079 -2
0.23079 -2
0.23079 -2
0.23079 -2
0.23079 -2
0.23079 -2
0.23079 -2
0.23079 -2
0.23079 -2
0.23079 -2
0.23079 -2
0.23079 -2
0.23079 -2
0.23079 -2
0.23079 -2
0.23079 -2
0.23079 -2
0.23079 -2
0.23079 -2
0.23079 -2
0.23079 -2
0.23079 -2
0.23079 -2
0.23079 -2
0.23079 -2
0.23079 -2
0.23079 -2
0.23079 -2
0.23079 -2
0.212233 -2
0.212233 -2
0.212233 -2
0.212233 -2
0.212233 -2
0.212233 -2
0.212233 -2
0.212233 -2
0.212233 -2
0.212233 -2
0.212233 -2
0.212233 -2
0.212233 -2
0.212233 -2
0.212233 -2
0.212233 -2
0.212233 -2
0.212233 -2
0.212233 -2
0.212233 -2
0.212233 -2
0.212233 -2
0.212233 -2
0.212233 -2
0.212233 -2
0.212233 -2
0.212233 -2
0.212233 -2
0.212233 -2
0.212233 -2
0.212233 -2
0.212233 -2
0.212233 -2
0.212233 -2
0.212233 -2
0.212233 -2
0.212233 -2
0.212233 -2
0.212233 -2
0.212233 -2
0.212233 -2
0.212233 -2
0.212233 -2
0.212233 -2
0.212233 -2
0.212233 -2
0.212233 -2
0.212233 -2
0.212233 -2
0.212233 -2
0.212233 -2
0.235891 -2
0.235891 -2
0.235891 -2
0.235891 -2
0.235891 -2
0.235891 -2
0.235891 -2
0.235891 -2
0.235891 -2
0.235891 -2
0.235891 -2
0.235891 -2
0.235891 -2
0.235891 -2
0.235891 -2
0.235891 -2
0.235891 -2
0.235891 -2
0.235891 -2
0.235891 -2
0.235891 -2
0.235891 -2
0.235891 -2
0.235891 -2
0.235891 -2
0.235891 -2
0.235891 -2
0.235891 -2
0.235891 -2
0.235891 -2
0.235891 -2
0.235891 -2
0.235891 -2
0.235891 -2
0.235891 -2
0.235891 -2
0.235891 -2
0.235891 -2
0.235891 -2
0.235891 -2
0.235891 -2
0.235891 -2
0.235891 -2
0.235891 -2
0.235891 -2
0.235891 -2
0.235891 -2
0.235891 -2
0.235891 -2
0.235891 -2
0.235891 -2
0.239693 -2
0.239693 -2
0.239693 -2
0.239693 -2
0.239693 -2
0.239693 -2
0.239693 -2
0.239693 -2
0.239693 -2
0.239693 -2
0.239693 -2
0.239693 -2
0.239693 -2
0.239693 -2
0.239693 -2
0.239693 -2
0.239693 -2
0.239693 -2
0.239693 -2
0.239693 -2
0.239693 -2
0.239693 -2
0.239693 -2
0.239693 -2
0.239693 -2
0.239693 -2
0.239693 -2
0.239693 -2
0.239693 -2
0.239693 -2
0.239693 -2
0.239693 -2
0.239693 -2
0.239693 -2
0.239693 -2
0.239693 -2
0.239693 -2
0.239693 -2
0.239693 -2
0.239693 -2
0.239693 -2
0.239693 -2
0.239693 -2
0.239693 -2
0.239693 -2
0.239693 -2
0.239693 -2
0.239693 -2
0.239693 -2
0.239693 -2
0.239693 -2
0.251836 -2
0.251836 -2
0.251836 -2
0.251836 -2
0.251836 -2
0.251836 -2
0.251836 -2
0.251836 -2
0.251836 -2
0.251836 -2
0.251836 -2
0.251836 -2
0.251836 -2
0.251836 -2
0.251836 -2
0.251836 -2
0.251836 -2
0.251836 -2
0.251836 -2
0.251836 -2
0.251836 -2
0.251836 -2
0.251836 -2
0.251836 -2
0.251836 -2
0.251836 -2
0.251836 -2
0.251836 -2
0.251836 -2
0.251836 -2
0.251836 -2
0.251836 -2
0.251836 -2
0.251836 -2
0.251836 -2
0.251836 -2
0.251836 -2
0.251836 -2
0.251836 -2
0.251836 -2
0.251836 -2
0.251836 -2
0.251836 -2
0.251836 -2
0.251836 -2
0.251836 -2
0.251836 -2
0.251836 -2
0.251836 -2
0.251836 -2
0.251836 -2
0.272 -2
0.272 -2
0.272 -2
0.272 -2
0.272 -2
0.272 -2
0.272 -2
0.272 -2
0.272 -2
0.272 -2
0.272 -2
0.272 -2
0.272 -2
0.272 -2
0.272 -2
0.272 -2
0.272 -2
0.272 -2
0.272 -2
0.272 -2
0.272 -2
0.272 -2
0.272 -2
0.272 -2
0.272 -2
0.272 -2
0.272 -2
0.272 -2
0.272 -2
0.272 -2
0.272 -2
0.272 -2
0.272 -2
0.272 -2
0.272 -2
0.272 -2
0.272 -2
0.272 -2
0.272 -2
0.272 -2
0.272 -2
0.272 -2
0.272 -2
0.272 -2
0.272 -2
0.272 -2
0.272 -2
0.272 -2
0.272 -2
0.272 -2
0.272 -2
0.269394 -2
0.269394 -2
0.269394 -2
0.269394 -2
0.269394 -2
0.269394 -2
0.269394 -2
0.269394 -2
0.269394 -2
0.269394 -2
0.269394 -2
0.269394 -2
0.269394 -2
0.269394 -2
0.269394 -2
0.269394 -2
0.269394 -2
0.269394 -2
0.269394 -2
0.269394 -2
0.269394 -2
0.269394 -2
0.269394 -2
0.269394 -2
0.269394 -2
0.269394 -2
0.269394 -2
0.269394 -2
0.269394 -2
0.269394 -2
0.269394 -2
0.269394 -2
0.269394 -2
0.269394 -2
0.269394 -2
0.269394 -2
0.269394 -2
0.269394 -2
0.269394 -2
0.269394 -2
0.269394 -2
0.269394 -2
0.269394 -2
0.269394 -2
0.269394 -2
0.269394 -2
0.269394 -2
0.269394 -2
0.269394 -2
0.269394 -2
0.269394 -2
0.26154 -2
0.26154 -2
0.26154 -2
0.26154 -2
0.26154 -2
0.26154 -2
0.26154 -2
0.26154 -2
0.26154 -2
0.26154 -2
0.26154 -2
0.26154 -2
0.26154 -2
0.26154 -2
0.26154 -2
0.26154 -2
0.26154 -2
0.26154 -2
0.26154 -2
0.26154 -2
0.26154 -2
0.26154 -2
0.26154 -2
0.26154 -2
0.26154 -2
0.26154 -2
0.26154 -2
0.26154 -2
0.26154 -2
0.26154 -2
0.26154 -2
0.26154 -2
0.26154 -2
0.26154 -2
0.26154 -2
0.26154 -2
0.26154 -2
0.26154 -2
0.26154 -2
0.26154 -2
0.26154 -2
0.26154 -2
0.26154 -2
0.26154 -2
0.26154 -2
0.26154 -2
0.26154 -2
0.26154 -2
0.26154 -2
0.26154 -2
0.26154 -2
0.02 -2
0.02 -2
0.02 -2
0.02 -2
0.02 -2
0.02 -2
0.02 -2
0.02 -2
0.02 -2
0.02 -2
0.02 -2
0.02 -2
0.02 -2
0.02 -2
0.02 -2
0.02 -2
0.02 -2
0.02 -2
0.02 -2
0.02 -2
0.02 -2
0.02 -2
0.02 -2
0.02 -2
0.02 -2
0.02 -2
0.02 -2
0.02 -2
0.02 -2
0.02 -2
0.02 -2
0.02 -2
0.02 -2
0.02 -2
0.02 -2
0.02 -2
0.02 -2
0.02 -2
0.02 -2
0.02 -2
0.02 -2
0.02 -2
0.02 -2
0.02 -2
0.02 -2
0.02 -2
0.02 -2
0.02 -2
0.02 -2
0.02 -2
0.02 -2
0.02 -2
0.02 -2
0.02 -2
0.02 -2
0.02 -2
0.02 -2
0.02 -2
0.02 -2
0.02 -2
0.02 -2
0.02 -2
0.02 -2
0.02 -2
0.02 -2
0.02 -2
0.02 -2
0.02 -2
0.02 -2
0.02 -2
0.02 -2
0.02 -2
0.02 -2
0.02 -2
0.02 -2
0.02 -2
0.02 -2
0.02 -2
0.02 -2
0.02 -2
0.02 -2
0.02 -2
0.333333 -2
0.0345149 -2
0.016569 -2
0.0165674 -2
0.0165661 -2
0.0166839 -2
0.0165899 -2
0.0164263 -2
0.016567 -2
0.0165666 -2
0.016567 -2
0.0166941 -2
0.0165218 -2
0.0164837 -2
0.0166798 -2
0.0164537 -2
0.0167019 -2
0.0164312 -2
0.0166634 -2
0.0164701 -2
0.0166256 -2
0.0165075 -2
0.016567 -2
0.0165661 -2
0.0165674 -2
0.016567 -2
0.0169657 -2
0.016167 -2
0.016567 -2
0.0165789 -2
0.0169038 -2
0.0162174 -2
0.0165666 -2
0.0165666 -2
0.0168759 -2
0.016258 -2
0.0169542 -2
0.0161793 -2
0.0165666 -2
0.0165661 -2
0.0165666 -2
0.016567 -2
0.016937 -2
0.0161973 -2
0.0168685 -2
0.016562 -2
0.0165928 -2
0.0162482 -2
0.0169104 -2
0.0165542 -2
0.0162416 -2
0.0165547 -2
0.0165657 -2
0.0165678 -2
0.0165666 -2
0.0168472 -2
0.0162859 -2
0.0165661 -2
0.0165666 -2
0.0165666 -2
0.0167647 -2
0.0163688 -2
0.0167249 -2
0.0165227 -2
0.0164591 -2
0.0165592 -2
0.0165674 -2
0.0165744 -2
0.0166252 -2
0.0165009 -2
0.0165666 -2
0.0165702 -2
0.0165629 -2
0.0165674 -2
0.0165661 -2
0.0165666 -2
0.0165666 -2
0.0165657 -2
0.017031 -2
0.016103 -2
0.016985 -2
0.0165046 -2
0.0162109 -2
0.0169846 -2
0.0161481 -2
0.0165735 -2
0.01656 -2
0.016567 -2
0.016567 -2
0.0165657 -2
0.0165674 -2
0.0168057 -2
0.0163278 -2
0.0167766 -2
0.0163569 -2
0.0165666 -2
0.0168057 -2
0.016327 -2
0.0165678 -2
0.0165739 -2
0.0165682 -2
0.0165637 -2
0.016601 -2
0.016535 -2
0.0165817 -2
0.016551 -2
0.0165584 -2
0.0165928 -2
0.0165407 -2
0.0165657 -2
0.016567 -2
0.016567 -2
0.0165653 -2
0.0165674 -2
0.016567 -2
0.0165678 -2
0.0165649 -2
0.0165678 -2
0.0165661 -2
0.0165674 -2
0.0165661 -2
0.0165694 -2
0.0165641 -2
0.0165666 -2
0.0165657 -2
0.016567 -2
0.0165678 -2
0.0165661 -2
0.0165661 -2
0.0166219 -2
0.0165362 -2
0.0165481 -2
0.01656 -2
0.0166429 -2
0.0164915 -2
0.0165657 -2
0.0165756 -2
0.016567 -2
0.0165584 -2
0.0165899 -2
0.0165432 -2
0.0165666 -2
0.0165973 -2
0.0165358 -2
0.016567 -2
0.0165666 -2
0.0165715 -2
0.016562 -2
0.016567 -2
0.0165707 -2
0.0166712 -2
0.0164574 -2
0.0165686 -2
0.0165653 -2
0.0165661 -2
0.0166831 -2
0.0164529 -2
0.0166096 -2
0.0165218 -2
0.0165666 -2
0.0165661 -2
0.0165666 -2
0.0165666 -2
0.0165678 -2
0.0165657 -2
0.0168985 -2
0.0165715 -2
0.0162297 -2
0.0166068 -2
0.0165272 -2
0.0170605 -2
0.0160738 -2
0.0165661 -2
0.0165653 -2
0.0165674 -2
0.0169723 -2
0.0161612 -2
0.0168685 -2
0.016265 -2
0.0165666 -2
0.0165657 -2
0.0165678 -2
0.0167803 -2
0.0165846 -2
0.016498 -2
0.0166084 -2
0.0163614 -2
0.0166921 -2
0.0165341 -2
0.0164738 -2
0.0166076 -2
0.0165785 -2
0.0165912 -2
0.0164898 -2
0.0165744 -2
0.0165592 -2
0.016567 -2
0.0165694 -2
0.0166831 -2
0.0165202 -2
0.0164935 -2
0.016626 -2
0.0165071 -2
0.0166433 -2
0.0169391 -2
0.0161177 -2
0.0165719 -2
0.0169715 -2
0.0161575 -2
0.0165698 -2
0.0168956 -2
0.0162334 -2
0.0168431 -2
0.0162905 -2
0.0165666 -2
0.016567 -2
0.016567 -2
0.0165661 -2
0.016567 -2
0.0165674 -2
0.0165653 -2
0.0167315 -2
0.0165674 -2
0.0164016 -2
0.0166425 -2
0.0165469 -2
0.0165625 -2
0.0165272 -2
0.0165608 -2
0.01656 -2
0.0166293 -2
0.0165382 -2
0.0165325 -2
0.0165715 -2
0.016562 -2
0.0165666 -2
0.016567 -2
0.0165657 -2
0.0165674 -2
0.0165674 -2
0.0169005 -2
0.0162301 -2
0.0169198 -2
0.016215 -2
0.0165666 -2
0.0165666 -2
0.0168455 -2
0.0162888 -2
0.0168271 -2
0.016306 -2
0.0165661 -2
0.016567 -2
0.0165744 -2
0.0167774 -2
0.0163479 -2
0.0167179 -2
0.0165661 -2
0.0165571 -2
0.016425 -2
0.0165666 -2
0.0166215 -2
0.0165686 -2
0.0165231 -2
0.0165542 -2
0.0167352 -2
0.0163984 -2
0.0166704 -2
0.0164619 -2
0.0165674 -2
0.0166306 -2
0.0165034 -2
0.0165666 -2
0.0166084 -2
0.0165362 -2
0.0165571 -2
0.0165657 -2
0.0165723 -2
0.0165596 -2
0.016567 -2
0.0165928 -2
0.0165547 -2
0.0165748 -2
0.0166265 -2
0.0165268 -2
0.0165358 -2
0.0165645 -2
0.0165575 -2
0.0165801 -2
0.0165542 -2
0.0165657 -2
0.0165768 -2
0.0165567 -2
0.0165661 -2
0.0168648 -2
0.0162687 -2
0.0165756 -2
0.0165579 -2
0.0165666 -2
0.0166207 -2
0.01656 -2
0.0165194 -2
0.0165666 -2
0.0165674 -2
0.0165657 -2
0.0165661 -2
0.0165764 -2
0.0165575 -2
0.016567 -2
0.0165698 -2
0.0165637 -2
0.0165666 -2
0.0165661 -2
0.016567 -2
0.0165666 -2
0.0165661 -2
0.016567 -2
0.016567 -2
0.0165719 -2
0.0165612 -2
0.0167594 -2
0.02 -2
0.02 -2
0.316185 -2
0.0177899 -2
0.0166027 -2
0.0165268 -2
0.0165768 -2
0.0165645 -2
0.0165744 -2
0.0166441 -2
0.0164742 -2
0.0165739 -2
0.0173871 -2
0.0157391 -2
0.0165666 -2
0.0168541 -2
0.016279 -2
0.0165698 -2
0.0165633 -2
0.0168205 -2
0.0165813 -2
0.0162978 -2
0.016567 -2
0.0165666 -2
0.0165813 -2
0.0167007 -2
0.0164176 -2
0.0166613 -2
0.0165469 -2
0.0164919 -2
0.0165666 -2
0.016567 -2
0.0165657 -2
0.0165678 -2
0.0165666 -2
0.0165666 -2
0.016567 -2
0.0165661 -2
0.0165674 -2
0.0165653 -2
0.0168788 -2
0.0162556 -2
0.016567 -2
0.0168131 -2
0.0163188 -2
0.0167577 -2
0.016384 -2
0.0166868 -2
0.0164394 -2
0.0166441 -2
0.0165268 -2
0.0165305 -2
0.0165653 -2
0.0165785 -2
0.0165838 -2
0.016537 -2
0.0165678 -2
0.0165666 -2
0.0165657 -2
0.0165674 -2
0.0165674 -2
0.0165653 -2
0.0165805 -2
0.016553 -2
0.0165674 -2
0.0165666 -2
0.0165661 -2
0.0165661 -2
0.0165756 -2
0.0165584 -2
0.0165666 -2
0.0166905 -2
0.0165723 -2
0.0164373 -2
0.016663 -2
0.0165748 -2
0.0165058 -2
0.0165522 -2
0.0165382 -2
0.0165666 -2
0.0165715 -2
0.0165612 -2
0.016567 -2
0.0165801 -2
0.016553 -2
0.016567 -2
0.016567 -2
0.0168279 -2
0.0163048 -2
0.0165666 -2
0.0165678 -2
0.0165661 -2
0.0165661 -2
0.0165666 -2
0.0165674 -2
0.0165666 -2
0.0165661 -2
0.0167245 -2
0.0165132 -2
0.0166027 -2
0.0164808 -2
0.016546 -2
0.0165641 -2
0.0166605 -2
0.0164414 -2
0.0166072 -2
0.0165264 -2
0.0166367 -2
0.0164964 -2
0.016578 -2
0.0165559 -2
0.0165731 -2
0.0165604 -2
0.0165661 -2
0.0165666 -2
0.0165666 -2
0.0165674 -2
0.0165661 -2
0.0165666 -2
0.0165674 -2
0.0165666 -2
0.0168328 -2
0.0163003 -2
0.0165666 -2
0.0165686 -2
0.0165641 -2
0.016567 -2
0.016567 -2
0.016567 -2
0.0165666 -2
0.016567 -2
0.0165666 -2
0.0166859 -2
0.0164468 -2
0.0165674 -2
0.0165908 -2
0.0165428 -2
0.0165657 -2
0.016567 -2
0.016567 -2
0.0165657 -2
0.0165674 -2
0.016567 -2
0.0165666 -2
0.0165661 -2
0.0165674 -2
0.016567 -2
0.0169013 -2
0.0165268 -2
0.0162716 -2
0.0168353 -2
0.0162974 -2
0.0167713 -2
0.0163622 -2
0.016759 -2
0.0163746 -2
0.0165666 -2
0.0166736 -2
0.0164595 -2
0.0165666 -2
0.0165867 -2
0.0165481 -2
0.0165698 -2
0.0165625 -2
0.0165846 -2
0.0165489 -2
0.0165678 -2
0.0165842 -2
0.0165477 -2
0.016567 -2
0.0165666 -2
0.016567 -2
0.0165666 -2
0.0168747 -2
0.0162585 -2
0.0165661 -2
0.0165653 -2
0.0168615 -2
0.016274 -2
0.0168431 -2
0.0165395 -2
0.0163167 -2
0.0167737 -2
0.0163668 -2
0.0167581 -2
0.016375 -2
0.0165723 -2
0.0167077 -2
0.0165653 -2
0.0169428 -2
0.016039 -2
0.0165666 -2
0.016567 -2
0.0165715 -2
0.0165616 -2
0.0165666 -2
0.0165916 -2
0.0169596 -2
0.0161477 -2
0.016567 -2
0.0165666 -2
0.0165674 -2
0.016567 -2
0.0165661 -2
0.016567 -2
0.0165661 -2
0.0168529 -2
0.016281 -2
0.0165666 -2
0.0167524 -2
0.0165612 -2
0.0163865 -2
0.0165661 -2
0.0166999 -2
0.0165177 -2
0.0164833 -2
0.0165653 -2
0.0166457 -2
0.0164935 -2
0.0170564 -2
0.0160714 -2
0.0165678 -2
0.0165752 -2
0.0165575 -2
0.0167114 -2
0.0164217 -2
0.0167097 -2
0.0165288 -2
0.0165469 -2
0.0168086 -2
0.0162408 -2
0.0165661 -2
0.0165661 -2
0.0170232 -2
0.0161099 -2
0.0165661 -2
0.0165702 -2
0.0165637 -2
0.016567 -2
0.0165661 -2
0.016567 -2
0.0165657 -2
0.016567 -2
0.016567 -2
0.0166802 -2
0.0165042 -2
0.0165157 -2
0.0165666 -2
0.0165707 -2
0.0165629 -2
0.0165657 -2
0.0166256 -2
0.0165124 -2
0.0165629 -2
0.0165666 -2
0.0165682 -2
0.0165653 -2
0.0170133 -2
0.0161198 -2
0.0165666 -2
0.0169678 -2
0.0161653 -2
0.016567 -2
0.0165661 -2
0.0165674 -2
0.0165666 -2
0.0168283 -2
0.0165247 -2
0.0165181 -2
0.0163955 -2
0.0165694 -2
0.0165641 -2
0.0166396 -2
0.0164935 -2
0.0165686 -2
0.0165875 -2
0.0165563 -2
0.0165547 -2
0.016567 -2
0.0170388 -2
0.0160935 -2
0.0165674 -2
0.0165666 -2
0.0169034 -2
0.0162297 -2
0.0169366 -2
0.01656 -2
0.0162031 -2
0.016567 -2
0.016864 -2
0.0162695 -2
0.0168533 -2
0.0165571 -2
0.0165177 -2
0.0163385 -2
0.0165661 -2
0.0167577 -2
0.0165444 -2
0.0163988 -2
0.0165666 -2
0.016688 -2
0.0165284 -2
0.0165444 -2
0.0165054 -2
0.0166265 -2
0.0165391 -2
0.016544 -2
0.0165575 -2
0.0165805 -2
0.0165653 -2
0.0165542 -2
0.0165674 -2
0.0170113 -2
0.0165067 -2
0.016194 -2
0.0165542 -2
0.0165657 -2
0.0165674 -2
0.0165657 -2
0.0165678 -2
0.016567 -2
0.0169005 -2
0.0162322 -2
0.016569 -2
0.0165645 -2
0.0165661 -2
0.0165694 -2
0.0165641 -2
0.0165666 -2
0.0168267 -2
0.0163065 -2
0.0167774 -2
0.0163557 -2
0.0167577 -2
0.016521 -2
0.0164221 -2
0.0166548 -2
0.0164779 -2
0.0165674 -2
0.0166962 -2
0.0164365 -2
0.0165862 -2
0.0165473 -2
0.0165698 -2
0.0165744 -2
0.0165592 -2
0.0165731 -2
0.0165563 -2
0.0165653 -2
0.0165723 -2
0.0165625 -2
0.0165666 -2
0.016567 -2
0.016567 -2
0.0165711 -2
0.0165645 -2
0.0168738 -2
0.0162572 -2
0.0167963 -2
0.0165198 -2
0.0163836 -2
0.02 -2
0.02 -2
0.333333 -2
0.0226445 -2
0.016569 -2
0.016567 -2
0.0165666 -2
0.0165764 -2
0.0165575 -2
0.0165661 -2
0.0165727 -2
0.0166941 -2
0.0165518 -2
0.0164484 -2
0.0166363 -2
0.0165629 -2
0.0165341 -2
0.0165382 -2
0.0165612 -2
0.016567 -2
0.0165666 -2
0.0165661 -2
0.0169579 -2
0.0161764 -2
0.0169698 -2
0.0164677 -2
0.0162621 -2
0.0165674 -2
0.0165661 -2
0.016825 -2
0.0166096 -2
0.0164747 -2
0.0163647 -2
0.0165584 -2
0.016727 -2
0.016407 -2
0.0167294 -2
0.0165387 -2
0.0164324 -2
0.0166548 -2
0.0166593 -2
0.0163856 -2
0.0167122 -2
0.0165362 -2
0.0164517 -2
0.016592 -2
0.0165419 -2
0.0165768 -2
0.0165649 -2
0.0166162 -2
0.0165075 -2
0.0165785 -2
0.0169928 -2
0.01613 -2
0.0165793 -2
0.0170141 -2
0.0161058 -2
0.0165666 -2
0.0165666 -2
0.0165666 -2
0.0169506 -2
0.0165112 -2
0.0165764 -2
0.0165698 -2
0.016226 -2
0.0165666 -2
0.0165666 -2
0.0167979 -2
0.0163364 -2
0.0167828 -2
0.0163495 -2
0.0167807 -2
0.0163528 -2
0.0167089 -2
0.0164242 -2
0.0167241 -2
0.0164094 -2
0.0166827 -2
0.0165411 -2
0.016551 -2
0.0164919 -2
0.0165826 -2
0.0165514 -2
0.0165657 -2
0.0165801 -2
0.016983 -2
0.0161374 -2
0.0165666 -2
0.0169579 -2
0.0161748 -2
0.0165674 -2
0.016567 -2
0.0168102 -2
0.0165813 -2
0.0163286 -2
0.0165465 -2
0.0165666 -2
0.0165666 -2
0.0168029 -2
0.0163302 -2
0.02 -2
0.02 -2
0.333333 -2
0.0249842 -2
0.0165735 -2
0.0165625 -2
0.0165678 -2
0.016567 -2
0.0165674 -2
0.0165645 -2
0.016567 -2
0.0165657 -2
0.016567 -2
0.0165674 -2
0.0165666 -2
0.0165661 -2
0.0165678 -2
0.0165661 -2
0.0165666 -2
0.0165657 -2
0.0166638 -2
0.0165403 -2
0.016498 -2
0.0165998 -2
0.0165432 -2
0.0165575 -2
0.0165657 -2
0.0165657 -2
0.0165739 -2
0.0165588 -2
0.016944 -2
0.0161895 -2
0.0165842 -2
0.0165579 -2
0.0165645 -2
0.0165666 -2
0.0165776 -2
0.0165588 -2
0.0167811 -2
0.0163598 -2
0.016759 -2
0.0163606 -2
0.0167938 -2
0.016551 -2
0.0165046 -2
0.0165157 -2
0.0164648 -2
0.0166687 -2
0.0164656 -2
0.0165657 -2
0.0165666 -2
0.0165727 -2
0.0165805 -2
0.016546 -2
0.0165686 -2
0.0165678 -2
0.0170449 -2
0.0160902 -2
0.0165629 -2
0.0165653 -2
0.0170146 -2
0.0161206 -2
0.0169403 -2
0.0161928 -2
0.0165666 -2
0.0165661 -2
0.0169038 -2
0.0165268 -2
0.0162704 -2
0.0165666 -2
0.0167856 -2
0.0163475 -2
0.0167651 -2
0.016368 -2
0.016567 -2
0.016567 -2
0.0165666 -2
0.0165666 -2
0.0165666 -2
0.016567 -2
0.0168008 -2
0.016544 -2
0.0165374 -2
0.02 -2
0.02 -2
0.333333 -2
0.0247065 -2
0.0165719 -2
0.0165637 -2
0.0165661 -2
0.0167155 -2
0.0165887 -2
0.0165391 -2
0.016551 -2
0.0165034 -2
0.0165764 -2
0.0165333 -2
0.016567 -2
0.0165268 -2
0.0165657 -2
0.0165666 -2
0.016567 -2
0.0165674 -2
0.0165702 -2
0.0165625 -2
0.016567 -2
0.016567 -2
0.0165666 -2
0.0165666 -2
0.0165666 -2
0.0165666 -2
0.016567 -2
0.0165657 -2
0.0165674 -2
0.0167955 -2
0.0163385 -2
0.0165661 -2
0.016567 -2
0.016567 -2
0.0167462 -2
0.0163971 -2
0.0165563 -2
0.0166601 -2
0.0165764 -2
0.0165091 -2
0.0165739 -2
0.0165136 -2
0.0166786 -2
0.016455 -2
0.0165666 -2
0.0165674 -2
0.0165653 -2
0.0165674 -2
0.0165957 -2
0.0165382 -2
0.0165801 -2
0.0165522 -2
0.0165666 -2
0.0166671 -2
0.0164669 -2
0.0166174 -2
0.0165251 -2
0.0165657 -2
0.0165702 -2
0.0165542 -2
0.016567 -2
0.0165698 -2
0.0165641 -2
0.0165657 -2
0.0165723 -2
0.0169013 -2
0.0162265 -2
0.0168291 -2
0.0163044 -2
0.0168123 -2
0.0165908 -2
0.016297 -2
0.0165666 -2
0.016567 -2
0.016567 -2
0.0165797 -2
0.0168948 -2
0.0164927 -2
0.0162991 -2
0.0165674 -2
0.02 -2
0.02 -2
0.333333 -2
0.0246658 -2
0.0165694 -2
0.0165666 -2
0.0165653 -2
0.0165686 -2
0.0165666 -2
0.0168094 -2
0.0163233 -2
0.0165674 -2
0.0167577 -2
0.0165231 -2
0.0165399 -2
0.0164447 -2
0.0165678 -2
0.0165666 -2
0.0166445 -2
0.0165403 -2
0.016535 -2
0.0165596 -2
0.0165666 -2
0.0165764 -2
0.016544 -2
0.0165666 -2
0.0169949 -2
0.0161387 -2
0.0169965 -2
0.0161366 -2
0.016567 -2
0.0165666 -2
0.016567 -2
0.0165661 -2
0.016567 -2
0.0168714 -2
0.0162617 -2
0.0165666 -2
0.0165666 -2
0.0165674 -2
0.0165666 -2
0.0168562 -2
0.0162777 -2
0.0167405 -2
0.0165436 -2
0.016416 -2
0.0166687 -2
0.0164632 -2
0.0166548 -2
0.0164792 -2
0.016601 -2
0.0165752 -2
0.0165239 -2
0.0165862 -2
0.0165465 -2
0.0165678 -2
0.0165657 -2
0.016576 -2
0.0165604 -2
0.0165641 -2
0.0165661 -2
0.0168894 -2
0.0162441 -2
0.0168459 -2
0.016288 -2
0.0167869 -2
0.0165891 -2
0.0163233 -2
0.016567 -2
0.0166777 -2
0.0164562 -2
0.0166429 -2
0.0165867 -2
0.0165272 -2
0.0165095 -2
0.016567 -2
0.0165678 -2
0.0165653 -2
0.0165666 -2
0.0165657 -2
0.0165694 -2
0.0169768 -2
0.0161555 -2
0.0169391 -2
0.0161936 -2
0.0165653 -2
0.0165719 -2
0.0167922 -2
0.0165854 -2
0.0163175 -2
0.016567 -2
0.0165661 -2
0.0165891 -2
0.0165575 -2
0.0166375 -2
0.0164866 -2
0.0166765 -2
0.016471 -2
0.0165497 -2
0.0165661 -2
0.0165666 -2
0.0165666 -2
0.0165674 -2
0.0165797 -2
0.0165526 -2
0.016567 -2
0.0169826 -2
0.0165661 -2
0.0165116 -2
0.0162059 -2
0.0165678 -2
0.0165661 -2
0.0165666 -2
0.0168349 -2
0.016578 -2
0.0162905 -2
0.0165633 -2
0.0168349 -2
0.0162987 -2
0.0165661 -2
0.0165764 -2
0.0165571 -2
0.016567 -2
0.0165657 -2
0.0165678 -2
0.0165661 -2
0.0165666 -2
0.0168669 -2
0.0162662 -2
0.0165674 -2
0.0165661 -2
0.0165674 -2
0.0165666 -2
0.0166256 -2
0.0165506 -2
0.0165424 -2
0.0165485 -2
0.0165657 -2
0.0165666 -2
0.0165674 -2
0.0165661 -2
0.0165666 -2
0.0165674 -2
0.0165666 -2
0.0166507 -2
0.0165009 -2
0.0165772 -2
0.0165477 -2
0.0165625 -2
0.0165608 -2
0.0165862 -2
0.0165473 -2
0.016569 -2
0.0165776 -2
0.016553 -2
0.0166191 -2
0.0165145 -2
0.0165854 -2
0.0166441 -2
0.0164985 -2
0.0165895 -2
0.0165157 -2
0.0165666 -2
0.0165666 -2
0.0166215 -2
0.0165194 -2
0.0165752 -2
0.0169596 -2
0.0161612 -2
0.0168496 -2
0.0162806 -2
0.016567 -2
0.0167832 -2
0.0163499 -2
0.0167167 -2
0.016416 -2
0.0165674 -2
0.0166732 -2
0.0165444 -2
0.0164816 -2
0.016567 -2
0.0165666 -2
0.0167959 -2
0.0165231 -2
0.0164861 -2
0.0165682 -2
0.0164599 -2
0.0166199 -2
0.016514 -2
0.0165908 -2
0.0165518 -2
0.0165575 -2
0.0165666 -2
0.0166515 -2
0.0164902 -2
0.0165629 -2
0.0170306 -2
0.016098 -2
0.0165661 -2
0.0165727 -2
0.0165612 -2
0.0169087 -2
0.016544 -2
0.0162474 -2
0.0165666 -2
0.0165661 -2
0.016567 -2
0.0167782 -2
0.02 -2
0.02 -2
0.333333 -2
0.0232488 -2
0.0166256 -2
0.0165579 -2
0.0165186 -2
0.016567 -2
0.0165666 -2
0.0165661 -2
0.0165661 -2
0.016567 -2
0.016567 -2
0.0165674 -2
0.016567 -2
0.0165674 -2
0.016882 -2
0.0162568 -2
0.0168492 -2
0.0165194 -2
0.0163249 -2
0.0165661 -2
0.0165666 -2
0.0167709 -2
0.0163627 -2
0.0167167 -2
0.0164176 -2
0.0166478 -2
0.0165419 -2
0.0165768 -2
0.0165005 -2
0.0165649 -2
0.0165678 -2
0.0165661 -2
0.0165711 -2
0.0168578 -2
0.0164107 -2
0.0168968 -2
0.0167241 -2
0.015961 -2
0.0165547 -2
0.0168935 -2
0.0162289 -2
0.0170022 -2
0.0164845 -2
0.0162154 -2
0.0165657 -2
0.0165899 -2
0.0168927 -2
0.0162178 -2
0.0168578 -2
0.0162888 -2
0.0167586 -2
0.0163614 -2
0.0165657 -2
0.016567 -2
0.0165752 -2
0.0165584 -2
0.0166745 -2
0.0164587 -2
0.0166798 -2
0.0164541 -2
0.016567 -2
0.0165661 -2
0.016567 -2
0.0165661 -2
0.016567 -2
0.0165666 -2
0.0165707 -2
0.0168861 -2
0.0165817 -2
0.0162293 -2
0.0165653 -2
0.016567 -2
0.0165666 -2
0.016567 -2
0.016567 -2
0.0167758 -2
0.0163565 -2
0.016567 -2
0.0165657 -2
0.0165674 -2
0.0165678 -2
0.0165666 -2
0.0166781 -2
0.0165276 -2
0.0164976 -2
0.0165625 -2
0.016656 -2
0.0165633 -2
0.0164833 -2
0.016569 -2
0.016562 -2
0.016567 -2
0.0165666 -2
0.0170831 -2
0.0160566 -2
0.0165604 -2
0.016567 -2
0.0165707 -2
0.0166031 -2
0.0165255 -2
0.0165666 -2
0.016567 -2
0.0165666 -2
0.016567 -2
0.0169567 -2
0.0161764 -2
0.0165657 -2
0.0165678 -2
0.0165789 -2
0.016793 -2
0.0165399 -2
0.0165366 -2
0.0163848 -2
0.0165666 -2
0.016567 -2
0.0166958 -2
0.0165108 -2
0.0166654 -2
0.0164853 -2
0.0165793 -2
0.0165407 -2
0.0164886 -2
0.0166285 -2
0.0165054 -2
0.0165661 -2
0.0166068 -2
0.016553 -2
0.0170027 -2
0.0161046 -2
0.0165674 -2
0.0165661 -2
0.0165666 -2
0.0165661 -2
0.016567 -2
0.016567 -2
0.0165661 -2
0.0165666 -2
0.0165674 -2
0.0168743 -2
0.0162585 -2
0.0168414 -2
0.0165809 -2
0.0164734 -2
0.0165986 -2
0.0165608 -2
0.0165432 -2
0.0165288 -2
0.0164061 -2
0.0167032 -2
0.0164312 -2
0.0166712 -2
0.0164615 -2
0.016567 -2
0.0165666 -2
0.0166556 -2
0.0164779 -2
0.0165969 -2
0.0165838 -2
0.016519 -2
0.0165682 -2
0.0165715 -2
0.0165608 -2
0.0170301 -2
0.0161038 -2
0.0165727 -2
0.0165592 -2
0.016567 -2
0.016567 -2
0.0165666 -2
0.0165666 -2
0.0165678 -2
0.0165657 -2
0.0165797 -2
0.0165534 -2
0.0169173 -2
0.0162166 -2
0.0165666 -2
0.0165653 -2
0.0168295 -2
0.0165834 -2
0.0162909 -2
0.0165637 -2
0.0165666 -2
0.0165666 -2
0.0167848 -2
0.0163495 -2
0.0165661 -2
0.0165674 -2
0.0165657 -2
0.0165674 -2
0.0165661 -2
0.0166773 -2
0.0165473 -2
0.0164775 -2
0.0165686 -2
0.0165756 -2
0.0166375 -2
0.016567 -2
0.0164837 -2
0.0165764 -2
0.0165567 -2
0.0165727 -2
0.0165584 -2
0.0165772 -2
0.0165571 -2
0.0165674 -2
0.0165735 -2
0.0165588 -2
0.016567 -2
0.0165719 -2
0.0166022 -2
0.0165616 -2
0.0165411 -2
0.0166281 -2
0.0164993 -2
0.0168681 -2
0.0168152 -2
0.0160226 -2
0.0165801 -2
0.016544 -2
0.0166195 -2
0.0165186 -2
0.0165739 -2
0.0165551 -2
0.02 -2
0.02 -2
0.333333 -2
0.0237132 -2
0.016569 -2
0.016567 -2
0.016569 -2
0.0165649 -2
0.0165682 -2
0.0167015 -2
0.0164295 -2
0.016674 -2
0.0164599 -2
0.0165666 -2
0.0166092 -2
0.0165231 -2
0.0165813 -2
0.0165522 -2
0.0165682 -2
0.0165666 -2
0.0165719 -2
0.0166027 -2
0.01653 -2
0.0165686 -2
0.0165686 -2
0.0165674 -2
0.0165625 -2
0.0165801 -2
0.0165473 -2
0.0168993 -2
0.0162351 -2
0.0165657 -2
0.0165678 -2
0.0165666 -2
0.0165649 -2
0.0166999 -2
0.0165653 -2
0.0164361 -2
0.0166445 -2
0.016487 -2
0.0165674 -2
0.0166835 -2
0.01645 -2
0.0166392 -2
0.0164948 -2
0.0165657 -2
0.0165674 -2
0.0166232 -2
0.0165407 -2
0.0165571 -2
0.0165485 -2
0.0165752 -2
0.0165555 -2
0.0165674 -2
0.0165739 -2
0.0165584 -2
0.016567 -2
0.0165715 -2
0.0165625 -2
0.0165657 -2
0.0165682 -2
0.0165649 -2
0.0165674 -2
0.0165678 -2
0.016912 -2
0.016553 -2
0.0162466 -2
0.0165538 -2
0.0165666 -2
0.0165657 -2
0.0170269 -2
0.0161075 -2
0.0165666 -2
0.016567 -2
0.0169399 -2
0.0161928 -2
0.016567 -2
0.016567 -2
0.0165661 -2
0.0165674 -2
0.0165666 -2
0.0169259 -2
0.0162072 -2
0.0165666 -2
0.0165666 -2
0.016567 -2
0.016567 -2
0.0167762 -2
0.0163561 -2
0.0165674 -2
0.016567 -2
0.0165666 -2
0.0165661 -2
0.0168016 -2
0.0165005 -2
0.0164611 -2
0.0165034 -2
0.0165666 -2
0.016672 -2
0.0166027 -2
0.0165071 -2
0.0164866 -2
0.0165924 -2
0.0165395 -2
0.0165666 -2
0.0165674 -2
0.0165661 -2
0.016567 -2
0.0165661 -2
0.0165674 -2
0.02 -2
0.02 -2
0.333333 -2
0.0241305 -2
0.016569 -2
0.0167824 -2
0.0165608 -2
0.0165419 -2
0.016384 -2
0.0167019 -2
0.0164299 -2
0.0166527 -2
0.0165485 -2
0.0164976 -2
0.016599 -2
0.0165555 -2
0.0165456 -2
0.0165813 -2
0.0165596 -2
0.0165604 -2
0.0165661 -2
0.0165661 -2
0.0165674 -2
0.0165666 -2
0.0169132 -2
0.0166154 -2
0.0161711 -2
0.016567 -2
0.0168747 -2
0.0162576 -2
0.0165678 -2
0.0165666 -2
0.0167655 -2
0.0163676 -2
0.016567 -2
0.0165657 -2
0.016567 -2
0.0165674 -2
0.0165666 -2
0.0165723 -2
0.0166236 -2
0.0165046 -2
0.0165657 -2
0.016567 -2
0.0165666 -2
0.016567 -2
0.0165666 -2
0.016567 -2
0.0165657 -2
0.0165666 -2
0.0165674 -2
0.016569 -2
0.0165661 -2
0.0165649 -2
0.0165657 -2
0.016567 -2
0.016567 -2
0.0165666 -2
0.0168029 -2
0.0163307 -2
0.0167368 -2
0.0165776 -2
0.0163856 -2
0.0165666 -2
0.01677 -2
0.0163647 -2
0.0167192 -2
0.01653 -2
0.0164488 -2
0.0169083 -2
0.0162252 -2
0.0168505 -2
0.0162843 -2
0.0167352 -2
0.0164849 -2
0.0164796 -2
0.0166634 -2
0.0164722 -2
0.0165883 -2
0.0165424 -2
0.0165666 -2
0.0168144 -2
0.0163192 -2
0.0165661 -2
0.016567 -2
0.0165682 -2
0.0169124 -2
0.0162195 -2
0.0165801 -2
0.0168316 -2
0.0162995 -2
0.0165674 -2
0.0165653 -2
0.016562 -2
0.0165698 -2
0.0165579 -2
0.0165809 -2
0.0167233 -2
0.0163951 -2
0.02 -2
0.02 -2
0.333333 -2
0.024704 -2
0.016665 -2
0.0165428 -2
0.0164939 -2
0.0165739 -2
0.0165604 -2
0.016567 -2
0.0165666 -2
0.0165661 -2
0.0165674 -2
0.0170375 -2
0.0160997 -2
0.0165629 -2
0.0165666 -2
0.0165661 -2
0.0165744 -2
0.0165588 -2
0.016567 -2
0.0165686 -2
0.0165653 -2
0.0168537 -2
0.016279 -2
0.0165789 -2
0.0165551 -2
0.0167938 -2
0.0163397 -2
0.0165661 -2
0.016745 -2
0.0165087 -2
0.0165321 -2
0.0164808 -2
0.0166503 -2
0.0166585 -2
0.016391 -2
0.016647 -2
0.016487 -2
0.0166105 -2
0.0165222 -2
0.0165678 -2
0.0165809 -2
0.0166232 -2
0.0165149 -2
0.0165604 -2
0.0165542 -2
0.0165661 -2
0.0166687 -2
0.0165095 -2
0.0165214 -2
0.0165661 -2
0.0165731 -2
0.0173973 -2
0.0157305 -2
0.0165657 -2
0.0165674 -2
0.016567 -2
0.0165666 -2
0.0165661 -2
0.0168784 -2
0.0162552 -2
0.0165928 -2
0.0165739 -2
0.0165333 -2
0.0165661 -2
0.016567 -2
0.0167528 -2
0.0165456 -2
0.0164016 -2
0.0166556 -2
0.0164779 -2
0.0165661 -2
0.0165661 -2
0.016567 -2
0.0165813 -2
0.0165522 -2
0.0168792 -2
0.0162708 -2
0.016551 -2
0.0165674 -2
0.0165735 -2
0.0165588 -2
0.0169309 -2
0.0162027 -2
0.0165661 -2
0.0165666 -2
0.016567 -2
0.016567 -2
0.0166699 -2
0.0167819 -2
0.0166084 -2
0.0162064 -2
0.0168476 -2
0.0165485 -2
0.0165785 -2
0.0165518 -2
0.0165616 -2
0.0165259 -2
0.0165526 -2
0.0163664 -2
0.0167655 -2
0.0165112 -2
0.0164234 -2
0.0166749 -2
0.0165752 -2
0.01645 -2
0.0166059 -2
0.0165272 -2
0.016567 -2
0.0168102 -2
0.0163229 -2
0.016752 -2
0.0163815 -2
0.01672 -2
0.0164127 -2
0.0166859 -2
0.0164472 -2
0.0165674 -2
0.0166769 -2
0.0165305 -2
0.0164927 -2
0.0165805 -2
0.0165526 -2
0.016567 -2
0.0167184 -2
0.0164152 -2
0.0165661 -2
0.0165666 -2
0.0165748 -2
0.0165596 -2
0.0167914 -2
0.0166039 -2
0.0163163 -2
0.0165542 -2
0.0165674 -2
0.0168394 -2
0.016569 -2
0.0162909 -2
0.0167467 -2
0.0163877 -2
0.0165653 -2
0.0165674 -2
0.0165678 -2
0.0166035 -2
0.0165337 -2
0.0167705 -2
0.0165916 -2
0.0163331 -2
0.0165748 -2
0.0165653 -2
0.0165731 -2
0.0167339 -2
0.016386 -2
0.0165674 -2
0.0166786 -2
0.0164541 -2
0.0166806 -2
0.0165091 -2
0.0165091 -2
0.016567 -2
0.0166416 -2
0.0165017 -2
0.0165567 -2
0.0165645 -2
0.0165727 -2
0.0165756 -2
0.0165542 -2
0.0165805 -2
0.0165575 -2
0.0165657 -2
0.0165625 -2
0.016567 -2
0.016567 -2
0.0165657 -2
0.0165649 -2
0.0165739 -2
0.0169953 -2
0.0161333 -2
0.0165666 -2
0.0166043 -2
0.0165276 -2
0.0169165 -2
0.0162183 -2
0.016567 -2
0.0168734 -2
0.0162597 -2
0.016567 -2
0.0165666 -2
0.0169428 -2
0.0161904 -2
0.016567 -2
0.0169227 -2
0.0162125 -2
0.0165641 -2
0.0165674 -2
0.0165666 -2
0.0165666 -2
0.016567 -2
0.0169739 -2
0.0161584 -2
0.0165719 -2
0.0165752 -2
0.016553 -2
0.016567 -2
0.016567 -2
0.0165666 -2
0.0166699 -2
0.0166182 -2
0.0164111 -2
0.0165682 -2
0.0166609 -2
0.0164779 -2
0.0165727 -2
0.0165596 -2
0.0165612 -2
0.0165698 -2
0.0165637 -2
0.016567 -2
0.0165657 -2
0.016567 -2
